2.3328617
1.1479592
1.9089824
2.4995599
1.7144699
0.43190324
0.35118526
0
0.21832074
0
4.961832
1.101989
0.6387395
2.4299066
0.8756979
2.7811136
0
1.9928383
1.2004126
3.0262272
0
0
0.8004002
1.643289
0.9240122
3.5733333
1.5278208
0
0
3.9526875
0
3.4404964
0.7782101
3.8479443
1.4955667
2.1167521
2
2.129297
2.0735743
1.6132456
0.75512403
2.9751508
0.8608971
1.7029973
2.108963
2.3454583
0
1.2581781
1.0245464
2.528445
3.876562
1.5795412
0.8215239
0.9392678
3.1761081
0.9561753
2.4807138
2.5313594
5.4156513
0
2.2190912
0
3.7149355
1.5682175
2.4991322
1.0170354
1.536
0.97635394
2.4526198
1.3518385
0
1.9085041
0
2.1643558
3.7296038
1.9648397
1.2363636
2.7744062
0
0
2.5546863
2.9488583
1.1216964
1.987685
3
1.0269576
0
3.125
1.6306564
2.8394227
0
2.6041667
2.0215108
0.9426963
0
1.3473054
0
0
4.2109256
12.661196
0
3.0395136
0.76878726
0
0
3.885853
0
1.9251627
1.8366054
0.020466639
0.30214334
2.918904
1.0344827
2.8755577
1.7068943
1.9625335
0
3.6828613
3.3918407
3.3213644
1.0454783
2.2801766
1.8929017
1.2823253
2.3683476
0
2.049254
3.8001595
0.9712818
2.0791416
1.0917627
2.860412
3.862069
1.275917
1.5102888
2.5008683
2.6899798
1.0801469
0.5879265
2.6503997
0
1.4866204
2.2655525
0.60034305
0.6528836
3.5710857
1.8269607
0
0
0
1.0625255
0
4.5281997
1.8815053
2.1529746
1.9661016
3.5559585
4.7849464
3.1533308
0.7493755
0
2.2630835
2.9404557
0
1.2319711
4.0542803
0
0
2.813225
4.892126
0
0.63339007
0.2518363
1.3265306
1.8775817
3.5437918
3.2138102
1.1283498
2.1078234
3.3397784
3.8174274
0.92785895
1.3520038
0
3.879632
4.0031195
0
0
2.7798648
3.5925992
0.7963368
1.322724
1.9789734
4.673807
0
1.2396694
1.8291216
1.4726508
0.785995
2.5827951
6.7843866
0.39057052
1.2618296
2.332657
1.1198208
2.8203557
3.2339885
0
1.5631542
3.147541
4.005462
3.5864594
3.5857513
2.7198548
2.754954
0.037622273
1.1668612
1.6731402
1.9700643
1.4489837
2.7322404
3.0218647
1.4922442
1.7901897
2.2304833
1.4227642
6.330197
4.1499925
0
2.2670596
1.9280206
0.7315289
0
1.8610487
1.9710299
2.2907758
4.1131105
2.6270628
0.6040015
2.8132992
1.2264713
0
0
1.9089574
0
0
1.9739007
2.6548672
5.4298644
3.8999026
3.206751
3.3802817
1.9341276
0.96720195
0
3.466826
0
7.08258
0.8139042
0.9089532
2.6036885
2.5566885
2.7659574
1.9845841
1.5754234
1.3445379
3.363962
1.9876952
3.5599859
7.7134986
2.891845
2.2988505
3.4965036
3.3990483
1.7301039
4.886988
1.4444605
0
1.1652974
3.1454785
0.26268265
1.5993602
2.9327424
1.6813145
0
2.315954
4.5131636
1.6413131
3.264714
1.6218846
4.9177604
6.098546
1.2247398
2.8268552
0.9452879
1.8257059
0.8042038
0.98383695
0.5926628
0
2.0261056
2.437994
0.8898776
2.2618315
3.435934
3.4587116
0
1.2687428
0
1.7512966
0
1.8747908
4.19652
0
2.1533613
1.9977299
1.7938709
0
1.114065
1.8331805
2.0266979
0
1.9671283
0.5873715
4.5584044
1.3881658
0
3.1228786
0
0.8101539
1.24533
1.2269939
2.6537917
3.6208732
1.2189548
3.3780859
1.4771049
3.0020285
2.018503
1.6678249
1.3030859
0
1.4195584
2.415766
0.26223776
0
4.4081864
3.1838684
5.4436197
1.5551463
1.455816
2.1514556
1.4401833
3.0723782
3.0892801
0
2.03933
3.59375
2.8370044
0.3695394
0.73126143
3.8879359
0
4.328479
2.928564
3.698776
0.1816118
1.9354838
1.8570102
1.5771489
5.2196894
2.1998534
0
3.1914895
3.3704789
2.1061797
2.931379
2.6985698
3.60587
4.316159
1.2036108
0.100529455
0
3.5055351
0
1.9884669
0.6097561
1.0982976
1.5612764
5.372036
0
3.6850338
0
1.8987342
2.1362228
1.5120423
1.7075773
1.7692552
0.9748892
0.61985797
0.82061803
1.8674136
1.0947506
0
0
6.6830335
2.8673835
1.3761468
5.085772
1.4427412
3.1607263
0.8426688
2.4730754
5.0368075
1.2629502
3.4998922
1.968433
5.3530226
0.863707
1.5775635
2.203452
1.6228749
0
1.2234008
2.3185046
1.1286682
1.6
0
2.4644873
2.140443
0
3.3856654
1.6062645
1.7060367
2.4318495
0.1381454
1.7347307
2.6286967
0.026033757
2.6494346
0.3960396
2.0261714
1.6036655
0.3276319
1.9402406
1.6927768
1.64042
0.7204611
0.6091133
1.6030874
0
0
0.9983361
1.0084034
1.6353229
2.189781
3.668639
0
0
0
2.062655
0
1.3284917
2.9666696
0
2.1216943
0.34153005
1.8189007
2.2865665
3.5618877
0
5.965641
0
0
4.626544
0
2.622091
0.70204765
3.744428
0.7797879
1.983471
2.2368238
2.0800195
0
3.691948
2.7111576
6.1538463
2.389201
3.5915854
2.6699784
3.7079954
2.5652986
4
1.347058
1.9541779
1.1279043
3.3914273
3.207184
2.0904882
2.0952382
1.1700794
1.7970798
0.7948336
1.480933
0.68237203