7.92
1.7
0.26
3.29
5.44
1.28
7.43
3.39
6.19
0.03
-1.72
5.75
12.07
11.01
2.1
13.66
1.79
8.28
5.66
1.57
1.77
2.84
2.37
38.35
14.13
1.65
4.68
22.27
22.27
5.31
6.16
2.68
3.91
1.24
2.9
-0.76
1.97
2.63
9.44
1.64
2.94
2.57
2.05
-5.9
2.11
6.13
2.99
14.36
4.66
-3.72
1.95
9.2
3.17
5.05
2.17
-0.21
2.54
9.08
4.76
-2.61
3.85
44.09
6.36
3.11
-0.31
0.85
1.55
1.29
2.74
4.65
9.76
3.81
11.94
30.3
1.92
13.47
0.55
2.93
0.07
-24.62
2.65
4.01
1.7
3.57
1.85
-0.92
0.74
2.89
3.45
4.04
3.97
3.58
1.26
2.27
1.69
2.81
3.58
3.23
1
1.16
1.84
-1.2
1.61
34.08
-6.44
4.85
0.8
8.2
2.92
7.2
-4.64
3.55
4.38
1.91
-3.1
3.27
-0.24
11.94
1.99
1.49
2.54
2.28
4.74
4.13
1.46
-11.04
-0.65
4.1
8.71
-0.78
6.09
-0.63
1.02
1.83
6.07
8.23
4.91
2.73
3.53
3.81
4.3
6.64
4.94
1.99
-6.89
2.19
5.41
1.96
1.96
3.06
4.43
3.77
4.91
5.15
1.59
4.54
4.82
3.12
0.88
-0.89
2.15
10.12
6.68
-1.07
4.14
3.96
2.88
3.07
2.35
-3.26
-0.48
-1.98
-2.69
4.04
1.77
1.63
6.27
3.35
23.71
2.96
1.23
1.81
2.36
5.39
2.92
1.88
6.51
5.39
2.01
3.5
11.07
1.72
2.85
-14.49
4.14
1.21
1.12
1.99
1.56
4.91
1.9
2.46
3.04
3
1.24
1.69
2.69
2.31
9.55
-0.72
1.34
2.77
6
4.6
9.95
1.58
8.61
4.74
10.02
-0.53
1.41
2.98
4.43
2.27
4.34
5.94
1.33
-1.2
3.1
-19.94
0.21
1.05
2.64
6.46
2.08
1.57
1.02
1.49
4.06
1
12.15
2.94
1
4.86
4.92
0.54
5.07
1.98
2.37
6.11
5.14
1.49
5.05
3.72
5.67
2.74
0.76
0.46
6.19
2.43
5.1
0.39
1.71
6.3
0.78
9.16
1.95
1.12
6.41
0.8
0.01
5.88
3.12
2.81
2.05
3.98
8.51
7.02
9.22
2.76
3.38
0.33
-0.2
9.24
1.5
6.83
1.93
3.46
12.25
8.69
3.43
1.98
-2.65
6.85
2.67
2.87
6.63
1.47
3.65
-3.06
3.73
6.36
22.74
2.89
1.4
0.63
14.24
1.92
3.31
0.66
4.36
2.97
2.86
12.48
9.27
1.91
5.09
1.19
1.35
3.09
-1.08
0.93
4.32
-6.4
1.01
1.81
1.25
1.17
-6.5
-1.18
-1.28
-1.28
11.39
1.39
2.51
1.02
-2.32
2.02
18.73
4.92
11.47
2.78
-2.23
4.1
2.57
10.73
-0.75
4.79
1.66
2.2
4.75
7.07
7.24
1.79
2.26
1.47
3.63
0.97
4.36
2.64
-28.01
3.51
2.78
4.48
9.93
3.95
-3.39
10.4
-1.19
6.31
2.79
4.32
42.66
4.5
5.6
2.73
3.06
9.73
1.75
6.81
1.44
6.77
-0.13
1.65
1.28
5.5
-2.79
4.12
6.95
1.12
1.68
1.43
7.74
1
1.77
2.41
2.32
6.35
4.8
9.38
2.83
7.53
7.95
0.27
0.62
4.16
-1.08
5.18
2.58
2.46
5.45
18.61
7.03
6.25
5.41
0.88
9.2
2.53
5.82
8.05
1.97
5.23
2.08
2.68
4.48
-0.17
2.41
0.87
2.08
4.75
2.09
4.71
4.71
0
3.6
1.14
3.73
5.33
7.52
3.66
0.85
7.31
5.7
5.6
3.55
6.62
3.46
4.5
3.16
3.3
7.92
0.81
1.59
1.59
4.79
3.52
1.08
6.52
0.45
0.45
13.52
7.05
10.71
5.62
15.72
5.7
7.14
4.38
2.55
9.24
2.69
1.86
3.43
3.45
7.36
1.04
4.68
2.8
4.33
3.1
4.39
3.78
2.66
0.19
3.79
4.07
2.81
1.29
0.51
2.77
0.77
4.51
-0.57
3.07
5.53
7.27
2.21
0.59
2.32
-2.24
1.83
4.07
9.01
2.6
1.65