24.31
27.76
22.51
19.41
25.47
31.8
18.22
52.31
19.54
187
9.96
18.11
12.24
12.24
27.45
24.22
32.55
9.66
26.03
19.03
22.18
56.59
21.07
10.65
13.02
19.86
13.26
31.48
40.29
18.89
296.16
20.38
9.92
17.32
15
23.22
20.68
26.23
12.41
15.54
27.61
13.76
25.9
-21.29
17.67
18.78
42.53
19.23
20.8
-251.53
15.6
16.86
14.08
69.74
17.45
20.21
21.05
33.27
12.14
-77.07
29.34
16.31
17.97
22.11
305.56
20.56
16.34
25.12
16.26
22.28
30.43
19.22
14.3
22.49
12.29
27.29
14.15
18.05
20
22.63
20.83
15.94
37.04
26
14.32
60.55
34.09
14.84
11.85
12.29
19.44
17.48
21.22
35.06
15.82
12.05
13.27
19.12
19.73
8.35
27.09
-59.46
29.82
162.92
4.7
27.52
45.86
17.5
24.42
18.11
26.37
27.48
32.75
17.87
13.48
16.04
20.37
32.15
21.42
22.8
22.44
24.02
18.54
18.89
18.2
84.39
72.93
18.64
30.92
16.45
30.69
24.64
21.45
15.12
21.94
16.83
12.36
16.32
22.87
22.72
20.55
23.14
10.37
22.65
23.93
16.55
12.13
11
10.37
16.09
21.18
26.66
20.42
23.87
49.43
26.57
19.12
16.7
19.77
79.93
22.14
12.28
17.08
24.86
28.08
13.23
32.57
34.48
25.74
10.65
10.91
246.44
53.16
19.03
23.06
17.6
18.66
37.78
27.24
18.22
14.51
30.99
25.26
10.72
18.12
21.37
21.21
27.9
27.02
18.35
19.45
22.08
16.9
11.18
27.32
25.53
26.17
19.9
32.48
9.5
5.89
25.05
20.27
12.67
14.67
15.35
21.23
36.86
20.71
13.76
13.86
17.53
6.58
21.17
8.16
27.86
12.44
9.92
22.57
38.86
10.04
13.7
26.38
14.34
20.57
14.07
10.99
-54.51
19.85
-9.33
11.57
36.42
19.21
28.1
20.68
20.39
11.23
12.07
22.39
15.41
18.75
53.57
26.19
23.62
52.25
-119.89
19.38
12.32
22.95
10.67
15.57
15.46
24.17
40.52
48.58
11.87
21.74
15.42
30.62
19.45
15.35
17.31
14
15.43
14.09
19.8
16.5
14.66
17.93
9.28
25.07
16.59
16.01
20.11
13.07
12.77
23.14
17.79
16.29
17.88
15.35
15.39
17.34
9.49
21.35
24.28
15.99
23.87
10.35
18.91
14.81
7.67
-32
16.06
32.73
20.23
30.38
22.12
34.99
-14.68
23.91
23.83
11.68
17.04
13.75
8.52
35.56
29.65
14.29
21.77
9.01
25.76
14.38
19.08
17.66
19.85
21.53
42.17
26.55
14.23
19.03
8.35
17.78
-77.71
7.56
26.1
200.08
9.72
13.12
26.34
43.47
44.03
21.65
18.73
24.9
19.57
105.96
15.04
20.65
19.96
24.4
15.35
17.78
17.01
82.08
21.91
195.63
15.27
34
18.81
15.72
18.57
21.6
14.05
27.49
49.53
18.89
18.02
21.51
24.68