222.89
60.24
56.27
108.48
150.51
65.83
145.41
185.16
109.63
11.22
10.06
178
179.11
83.25
65.05
152.8
62.49
64.04
105.18
114.58
108.47
220.71
77.32
164.2
240.6
37.14
90.06
1007.71
1001.52
64.05
1350.5
52.59
48.6
63.38
88.34
58.28
133.57
76.06
152.5
91.55
72.05
173.12
84.44
56.2
82.68
96.9
148.84
230.57
136.05
37.73
38.21
155.15
45.75
89.27
41.35
24.45
64.4
85.16
35.57
104.81
108.25
718.57
154.94
110.77
27.5
38.44
29.74
62.56
51.07
211.44
191.42
68.79
311.79
509.38
25.19
329.66
51.94
112.09
25.2
55.44
62.69
229.57
63.33
90.47
32.66
23.01
36.82
44.83
91.8
66.63
64.34
66.76
145.99
111.15
41.92
51.8
91.02
100.36
25.85
16.2
61.22
37.46
48.9
348.65
2.82
112.3
266.01
140.39
47.38
189.27
100.19
70.34
149.32
38.77
71.87
42.19
84.53
153.04
41.77
43.1
75.16
68.95
38.19
89.18
35.49
140.09
53.24
74.73
208.73
28.45
178.61
19.96
103.81
30.85
50.47
165.73
70.55
44.55
92.16
91.33
71.91
153.66
51.23
56.85
34.94
98.96
72.4
22.87
21.58
43.77
95.1
101.58
73.31
96.2
68.21
116.93
98.49
74.32
24.52
91.92
48.48
93.57
79.41
41.02
127.76
58.07
123.78
116.54
66.4
72.02
35.34
101.04
46.25
114
409.98
55.26
218.28
131.46
241.06
56.11
35.98
123.03
60.36
73.35
77.56
76.07
137.25
171.58
52.15
108.11
239.27
92.74
31.1
30.64
133.05
46.46
40.82
55.31
80.87
45.88
10.43
69.14
62.44
38
17.16
31.17
61.13
114.26
206.05
14.45
21.62
53.99
40.75
96.31
78.22
100.59
246.35
30.75
258.6
47.41
19.57
47.54
149.84
53.34
96.48
95.97
22.64
64.87
70.85
43
15.04
78.66
38.8
181.22
146.02
32.21
18.75
19.92
262.37
15.1
225.37
169.28
43.73
156.15
209.54
83.92
87.6
42.75
67
147.59
56.05
21.34
138
152.75
381.87
31.92
95.23
32.07
114.81
62.82
118.37
126.36
36.55
107.88
24.66
103.53
65.98
20.08
111.69
14.01
16.8
98.54
60.34
71.58
27.57
47.77
198.79
165.46
162.23
43.99
59.11
23.86
74.21
73.86
38.86
334.3
46.05
95.01
105.79
178.35
58.36
24
15.68
62.79
133.88
79.31
208.42
40.7
160.62
16
101.36
158.97
150.23
78.38
54.73
44.28
601
33.5
60.03
79.9
40
85.01
85.39
256.57
74.51
42.68
119.08
61.99
152.14
51.79
98.74
39.25
75.21
32.64
13.38
55.85
250.1
27.91
26.38
36.61
15.65
15.85
145.29
33.9
62.49
22.51
25.43
47.23
136.89
96.2
324.01
56.01
24
60.38
217.52
252.22
68.47
75.91
54.4
46.84
66.98
111.95
174.51
32.88
61.86
72.32
66.67
18.56
110.15
72.06
84.44
33.63
38.24
100.39
92.44
74.34
169.16
149.38
101.32
110.3
29.52
144.07
1806.06
60.38
80.22
51.07
58.33
103.38
46.73
180.49
28.67
142.68
76.85
62.42
33.51
96.42
12.82
86.06
198.74
47.56
124.65
55.58
322.62
17.9
62.72
89.26
52.26
178.73
133.31
259.4
75.06
122.45
173.31
104.03
159.85
35.6
67.4
86.46
47.44
42.62
103.36
387.65
49.38
152.18
99.04
90.61
156.72
43.4
55.63
152.86
53.77
98.54
70.55
148.01
65.8
25.59
34.98
82.62
57
101.99
48.85
71.11
95.27
29.1
97.66
55.54
53.29
127.76
223.17
97.65
24.13
135.01
101.35
198.73
99.62
93.02
74.36
80.52
81.17
65.94
283
40.05
34.56
34.09
73.92
52.65
32.92
209.09
13.14
11.95
124.86
63.37
216.46
109.28
161.99
127.48
114.87
47.87
78.75
86.77
112.82
50.92
105.62
92.28
49.04
151.6
32.71
113.86
66.18
121.47
100.02
68.22
79.12
191.79
59.5
55.4
54.67
80.09
18.81
60.93
33.6
164.95
28.56
152.36
113.56
169.28
42.44
29.8
62.82
41.26
70.24
76.3
115.53
50.71
71.51