4.3902707
3.5754826
3.7404804
6.291571
2.604117
10.59512
1.7953473
13.092818
1.1301061
2.1091955
0.65951383
0.9923546
4.591235
1.5429344
6.493563
4.1163683
5.8546524
0.9801092
5.3666205
10.492155
9.720562
13.138819
4.265232
4.820115
1.7282298
3.4331481
1.2085556
6.801692
6.772653
4.945682
3.927053
2.693119
0.58022565
2.7489934
2.273575
1.4686536
11.954137
5.553833
1.9493247
0.17396984
4.015368
5.58192
3.85675
3.9682212
8.00391
0.6618165
16.8134
0.6696521
3.4972682
3.651366
6.187621
3.4586093
4.7020154
1.5025798
0.52478915
0.94214815
1.9400215
0.9821866
1.4083152
16.50682
4.0483294
1.8510429
10.251216
1.5206499
1.9390045
1.5696399
3.2011874
3.4394414
3.4552107
5.6912947
1.4328232
0.76715523
5.737439
6.9158196
2.0188456
2.1560605
1.5831376
6.839459
4.055685
1.4188358
6.503231
6.961893
1.8411398
0.85282737
3.3742425
8.636729
5.751737
2.3898203
1.5931405
0.21131156
0.6913859
2.8147783
2.0468428
8.249042
1.4622321
2.1055017
5.830071
0.5028663
1.6262617
1.4795984
5.5560412
3.0044448
7.949615
2.1208634
0.40765184
1.6489863
2.5523853
2.0985637
3.1682448
1.550762
7.556446
2.756679
2.7614057
5.484418
2.1857586
3.3917346
4.7538714
14.881806
2.4711676
6.822138
3.9678397
4.000737
2.1797748
4.905472
1.8294994
12.271951
2.0764177
2.960244
5.145596
2.544682
0.61203885
2.0061796
10.125291
1.3324839
4.216355
1.9406168
0.549852
1.1931022
3.688278
1.5278828
1.1451397
2.3746448
0.91792434
4.626262
2.0660408
12.434961
2.3610325
1.804088
1.7147918
1.8521843
1.5283886
1.6097589
3.7954214
1.986176
2.6922395
4.2149186
1.9091922
2.9348857
16.077257
1.9598055
5.689136
1.4904785
1.8161736
4.6720185
3.7360687
2.161095
7.8283277
7.4415817
3.6707752
1.5543115
1.227099
8.02302
6.4987307
5.6338058
10.639136
8.593619
14.1830845
3.9522583
2.0991988
3.1134193
1.3933871
2.5074897
2.190319
0.57588416
12.204818
1.7701944
4.1203604
13.241967
3.472977
12.898601
1.0751684
4.7038417
2.8802848
1.2994481
6.518713
5.137961
2.0803037
0.5516402
6.0089035
1.0362948
0.27054095
5.1682673
1.8434572
3.399101
1.6538345
1.1289738
5.319881
4.894499
2.0481362
1.0887611
17.003777
2.0389178
0.5633218
1.212236
5.2087464
5.775833
2.309415
0.72725976
1.3995146
2.1424224
1.6339768
1.66195
2.9516637
1.3939538
3.2375681
0.7251921
8.127109
3.7385862
1.262194
3.780475
1.4609766
3.7628453
4.80335
2.8964398
2.8267899
2.5174792
3.5549128
0.8954903
0.9256895
3.5112102
1.8924941
7.97525
5.0604
3.9286149
11.713953
17.02699
1.6147361
3.348876
9.619987
1.817167
1.0738261
1.4712903
4.4208813
9.633731
14.655261
2.6513786
2.8477087
3.2898626
1.7697402
1.2129636
2.496677
4.6326222
1.1415336
3.3714993
1.8543326
4.281897
2.3173764
3.270451
2.1947837
7.0508943
2.823936
4.3395863
0.8557757
4.6780853
0.27961263
1.7060977
1.4884604
2.2459624
3.0405293
2.0302901
1.1468264
1.0410156
3.754678
1.201944
1.723609
1.8781451
1.5809761
1.5653384
1.3037612
4.6277885
11.394877
0.45503208
4.6578755
0.42713487
2.9997249
2.9848945
4.416998
2.308266
15.020556
1.1863722
2.7788277
5.770237
0.15318617
4.944542
5.0893345
1.0496864
8.372307
2.2276719
3.1455927
7.4475183
2.1912806
7.1130967
6.6291075
2.7977824
1.2371694
2.5708609
3.589782
14.152587
9.932974
2.2258842
2.6092634
2.5358944
3.2591083
2.5209634
0.6986579
3.6687026
9.861594
1.2810479
4.703259
3.7076392
1.5518167
1.5718216
4.091698
2.7288198
3.0549932
2.2361343
4.6976447
0.74603415
3.8525908
4.031728
2.209576
3.2066104
0.9933021
0.99837583
20.094294
3.1934319
6.044895
1.5327156
2.6159565
5.2561646
1.28693
1.741522
1.8652664
0.7872792
7.248487
6.935696
2.5191512
3.9272704
3.6705062
3.7116463
3.3850067
4.0020885
1.5730644
2.7574685
0.47499472
2.9931207
6.7890477
4.04653
1.3948758
1.9551051
3.7497053
3.887915
9.176564
1.7167546
3.1595004
1.1458876
14.380373
1.083727
3.4491453
16.16417
1.0341544
1.7617522
3.389142
4.263658
0.77893436
1.7709883
1.9624339
1.9734555
2.2938328
15.588069
8.202077
13.762162
8.48541
3.474771
2.8841186
6.1640687
1.3330402
3.760594
3.781273
5.9715905
2.9734495
3.1026611
10.254704
10.3738785
15.189207
1.651705
3.2297828
4.374079
1.3048558
2.4700067
3.15303
2.5276077
0.7564699
8.754495
6.9704437
6.5820084
3.5114813
2.5080602
1.6294897
1.944325
3.4392443
3.263072
2.2607324
4.635566
3.3089445
3.5516493
2.1096623
6.276264
0.7295535
7.3911157
4.0785494
0.8047394
2.5734365
1.561575
6.9572234
1.0645695
3.3834257
2.798683
6.8538465
2.8396711
1.8161958
1.33382
3.9635563
4.015666
4.516748
2.3735986
1.9293598
3.1079664
3.175548
1.1642125
4.268832
4.5925775
2.1080317
3.1654842
0.93730986
3.7773547
12.365829
3.3779113
1.602308
1.4738787
4.8605075
0.5020496
1.0903316
1.4744618
2.1782618
1.7324123
1.3158662
0.9984924
3.7110944
0.4211918
3.9652252
7.0740495
12.401829
9.935474
1.6452544
16.185404
1.0924768
14.433654
7.1491003
5.7576876
0.82099426
0.5904388
3.2787669
6.9824114
2.4834197
2.8728192
6.725218
1.245503
2.22677
1.075785
3.6396794
0.58064795
4.2982845
3.4484663
2.7332082
2.478658
2.520456
0.7877656
7.101206
0.84394187
2.7262094
6.3136363
3.1648953
3.7945793
9.280896